4.691686274509802579e-01
4.731647058823529317e-01
4.753450980392155967e-01
4.730274509803918948e-01
4.747372549019600596e-01
4.734666666666667578e-01
4.745490196078424594e-01
4.703176470588240621e-01
4.666705882352938928e-01
4.684392156862743906e-01
4.707176470588236294e-01
4.688470588235295056e-01
4.681921568627446240e-01
4.693176470588239502e-01
4.704823529411758520e-01
4.670980392156862115e-01
4.676980392156868116e-01
4.674274509803917343e-01
4.687215686274510684e-01
4.710549019607852550e-01
4.721137254901962566e-01
4.680392156862747122e-01
4.720901960784311124e-01
4.712901960784311450e-01
4.716117647058818418e-01
4.717764705882350751e-01
4.733176470588236207e-01
4.778431372549014067e-01
4.762196078431371604e-01
4.740470588235295435e-01
4.723803921568623942e-01
4.711960784313726225e-01
4.698509803921567807e-01
4.745764705882347667e-01
4.760745098039214640e-01
4.809019607843135757e-01
4.816627450980393577e-01
4.776784313725492281e-01
4.762627450980397859e-01
4.724431372549024455e-01
4.678470588235294492e-01
4.687843137254896209e-01
4.747882352941173445e-01
4.796431372549017080e-01
4.784156862745099770e-01
4.739098039215688396e-01
4.743843137254901698e-01
4.718039215686272159e-01
4.728470588235295646e-01
4.700392156862743254e-01
4.733333333333324400e-01
4.773176470588236797e-01
4.741999999999997883e-01
4.683843137254903310e-01
4.741215686274510843e-01
4.740588235294119768e-01
4.680352941176470494e-01
4.678784313725478650e-01
4.722313725490196457e-01
4.773215686274503988e-01
4.763333333333327757e-01
4.697450980392149922e-01
4.766392156862746532e-01
4.769568627450985754e-01
4.530392156862749764e-01
4.544901960784316075e-01
4.545450980392160556e-01
4.520588235294119572e-01
4.541254901960777302e-01
4.520156862745097204e-01
4.526823529411768132e-01
4.474588235294120198e-01
4.534117647058827916e-01
4.520313725490198720e-01
4.510784313725487715e-01
4.484117647058832867e-01
4.485019607843137024e-01
4.489647058823529324e-01
4.480431372549018576e-01
4.434980392156867013e-01
4.557411764705891488e-01
4.523647058823533906e-01
4.501490196078435368e-01
4.515568627450984862e-01
4.526039215686279982e-01
4.479215686274505837e-01
4.514745098039218418e-01
4.480901960784313687e-01
4.604588235294123644e-01
4.584196078431373444e-01
4.572196078431369215e-01
4.600313725490195460e-01
4.567960784313724876e-01
4.539176470588235368e-01
4.537882352941182695e-01
4.512784313725493601e-01
4.577019607843145210e-01
4.618705882352936998e-01
4.609372549019616350e-01
4.638078431372550381e-01
4.643176470588235571e-01
4.596274509803925934e-01
4.592000000000002746e-01
4.547921568627452671e-01
4.559607843137254424e-01
4.565098039215682579e-01
4.593372549019612561e-01
4.618156862745102509e-01
4.618392156862746178e-01
4.570196078431366660e-01
4.570509803921570802e-01
4.531960784313730506e-01
4.594666666666668564e-01
4.563058823529420605e-01
4.558823529411764608e-01
4.578156862745103028e-01
4.559333333333336347e-01
4.496588235294124991e-01
4.558588235294120383e-01
4.543019607843133967e-01
4.553843137254904305e-01
4.549490196078435078e-01
4.557333333333337122e-01
4.575333333333328478e-01
4.563882352941172615e-01
4.503137254901955489e-01
4.588627450980388156e-01
4.578745098039212480e-01
4.029372549019615835e-01
4.032392156862748545e-01
4.024274509803920097e-01
4.011450980392158305e-01
4.022627450980386099e-01
4.004980392156863300e-01
4.010509803921567529e-01
3.968431372549019454e-01
4.041215686274508556e-01
4.017882352941177793e-01
4.004000000000003667e-01
3.988901960784313472e-01
3.978588235294122644e-01
3.993568627450981290e-01
3.996039215686271739e-01
3.930705882352940050e-01
4.063215686274517791e-01
4.026509803921570207e-01
4.000431372549024811e-01
4.014392156862748862e-01
4.015607843137261601e-01
3.978588235294120423e-01
4.018156862745100311e-01
3.968627450980400373e-01
4.106274509803922168e-01
4.067490196078439868e-01
4.052588235294126151e-01
4.087490196078437665e-01
4.059764705882354385e-01
4.032549019607845620e-01
4.025411764705881801e-01
3.995333333333340731e-01
4.069529411764706284e-01
4.101019607843140458e-01
4.086078431372550668e-01
4.103568627450982498e-01
4.124313725490205695e-01
4.082039215686277811e-01
4.089607843137252896e-01
4.032666666666669397e-01
4.054980392156869451e-01
4.047529411764707041e-01
4.075568627450976700e-01
4.092784313725491008e-01
4.097333333333337269e-01
4.051529411764709931e-01
4.077803921568633472e-01
4.026823529411769909e-01
4.098627450980394382e-01
4.044784313725495184e-01
4.036901960784310961e-01
4.071176470588237506e-01
4.045294117647064147e-01
3.982745098039216503e-01
4.067254901960792868e-01
4.044745098039217446e-01
4.044823529411771257e-01
4.034196078431376842e-01
4.045921568627454112e-01
4.070352941176474393e-01
4.056196078431373864e-01
4.003882352941176559e-01
4.098941176470594083e-01
4.068980392156861803e-01
