0 (9, 3)
[0.65676552 0.30927697 0.57117263]
[0.33722845 0.2282922  0.39321906]

1 (8, 3)
[0.7880004  0.89764238 0.68069551]
[0.19502014 0.01837407 0.3021603 ]

2 (7, 6)
[0.48571408 0.98994922 0.62724129 0.58951691 0.88401221 0.98945342]
[0.4759201  0.00734286 0.33075044 0.40722183 0.00731464 0.00728277]

3 (5, 11)
[0.60652526 0.68541085 0.74035962 0.60868983 0.57285055 0.5764999
 0.68497255 0.4712342  0.58647876 0.70447772 0.92222146]
[0.38056545 0.31424129 0.07066538 0.38136891 0.42531145 0.37017653
 0.31304593 0.43482951 0.41349945 0.28528062 0.06081158]

4 (9, 10)
[0.94732526 0.53818017 0.92366654 0.67366715 0.60292317 0.91415132
 0.5618817  0.53034051 0.93834266 0.50654502]
[0.0493464  0.45353213 0.07451458 0.32507872 0.36564325 0.05421589
 0.43396691 0.46582531 0.00401229 0.48411119]

5 (3, 7)
[0.63150411 0.60209829 0.68212565 0.98494265 0.67371806 0.51605102
 0.58376114]
[0.35806855 0.34545408 0.31491273 0.01019054 0.11619216 0.29499689
 0.41338865]

6 (0, 6)
[0.50301509 0.96868018 0.95107655 0.82774567 0.98867433 0.42899873]
[0.48649531 0.02684753 0.01716813 0.16420185 0.00604743 0.19635601]

7 (9, 14)
[0.77025593 0.81662081 0.97661342 0.55117842 0.46307424 0.81729102
 0.62747062 0.65788594 0.9059199  0.31777799 0.61979541 0.85697955
 0.69222567 0.53962918]
[0.13212748 0.18101745 0.00975947 0.39562593 0.36718578 0.07542529
 0.33233145 0.28290829 0.09188731 0.24872067 0.14481233 0.1406381
 0.02776748 0.45760397]

8 (3, 7)
[0.67617516 0.471475   0.52615643 0.53523023 0.7088099  0.55015951
 0.44667304]
[0.21335276 0.2363028  0.4535308  0.43962822 0.29090649 0.44720865
 0.43712486]

9 (4, 9)
[0.9721187  0.93052131 0.78802665 0.95156059 0.64745801 0.94810767
 0.707195   0.60262634 0.55544141]
[0.00323009 0.06268127 0.04818472 0.04711029 0.35150826 0.05177903
 0.20919952 0.3970159  0.33552902]
